"BluntStone_01";200157.031250;57.723568;0.000000;0.000000;0.000000;1.000000;0.000000;
"BluntStone_01";200123.031250;30.723568;0.000000;0.000000;0.000000;1.000000;0.000000;
"BluntStone_01";200113.500000;73.195641;0.000000;0.000000;0.000000;1.000000;0.000000;
"BluntStone_01";200117.468750;55.160389;0.000000;0.000000;0.000000;1.000000;0.000000;
"BluntStone_01";200114.468750;45.160389;0.000000;0.000000;0.000000;1.000000;0.000000;
"BluntStone_01";200116.468750;49.160389;0.000000;0.000000;0.000000;1.000000;0.000000;
"BluntStone_01";200113.500000;75.195641;0.000000;0.000000;0.000000;1.000000;0.000000;
"BluntStone_01";200070.718750;74.408890;0.000000;0.000000;0.000000;1.000000;0.000000;
"BluntStone_01";200114.031250;2.723567;0.000000;0.000000;0.000000;1.000000;0.000000;
"BluntStone_01";200088.468750;22.160387;0.000000;0.000000;0.000000;1.000000;0.000000;
"BluntStone_01";200097.437500;1.126744;0.000000;0.000000;0.000000;1.000000;0.000000;
"BluntStone_01";200090.468750;30.160387;0.000000;0.000000;0.000000;1.000000;0.000000;
"BluntStone_01";200116.468750;43.160389;0.000000;0.000000;0.000000;1.000000;0.000000;
"BluntStone_01";200093.468750;21.160387;0.000000;0.000000;0.000000;1.000000;0.000000;
"BluntStone_01";200095.468750;26.160387;0.000000;0.000000;0.000000;1.000000;0.000000;
"BluntStone_01";200045.468750;96.160385;0.000000;0.000000;0.000000;1.000000;0.000000;
"BluntStone_01";200045.468750;88.160385;0.000000;0.000000;0.000000;1.000000;0.000000;
"BluntStone_01";200157.468750;74.160385;0.000000;0.000000;0.000000;1.000000;0.000000;
"BluntStone_01";200049.718750;42.408897;0.000000;0.000000;0.000000;1.000000;0.000000;
"BluntStone_01";200046.718750;38.408897;0.000000;0.000000;0.000000;1.000000;0.000000;
"BluntStone_01";200071.468750;9.160387;0.000000;0.000000;0.000000;1.000000;0.000000;
"BluntStone_01";200075.468750;3.160387;0.000000;0.000000;0.000000;1.000000;0.000000;
"BluntStone_01";200112.156250;80.848038;0.000000;0.000000;0.000000;1.000000;0.000000;
"BluntStone_01";200069.437500;96.126740;0.000000;0.000000;0.000000;1.000000;0.000000;
"BluntStone_01";200132.718750;15.408897;0.000000;0.000000;0.000000;1.000000;0.000000;
"BluntStone_01";200020.718750;35.408897;0.000000;0.000000;0.000000;1.000000;0.000000;
"BluntStone_01";200082.468750;60.160389;0.000000;0.000000;0.000000;1.000000;0.000000;
"BluntStone_01";200127.718750;15.408897;0.000000;0.000000;0.000000;1.000000;0.000000;
"BluntStone_01";200100.031250;83.723564;0.000000;0.000000;0.000000;1.000000;0.000000;
"BluntStone_01";200058.031250;40.723568;0.000000;0.000000;0.000000;1.000000;0.000000;
"BluntStone_01";200105.031250;98.723564;0.000000;0.000000;0.000000;1.000000;0.000000;
"BluntStone_01";200037.031250;36.723568;0.000000;0.000000;0.000000;1.000000;0.000000;
"BluntStone_01";200088.031250;67.723564;0.000000;0.000000;0.000000;1.000000;0.000000;
"BluntStone_01";200036.031250;84.723564;0.000000;0.000000;0.000000;1.000000;0.000000;
"BluntStone_01";200137.031250;5.723567;0.000000;0.000000;0.000000;1.000000;0.000000;
"BluntStone_01";200076.031250;40.723568;0.000000;0.000000;0.000000;1.000000;0.000000;
"BluntStone_01";200025.031250;47.723568;0.000000;0.000000;0.000000;1.000000;0.000000;
"BluntStone_01";200142.031250;31.723568;0.000000;0.000000;0.000000;1.000000;0.000000;
"BluntStone_01";200105.031250;16.723568;0.000000;0.000000;0.000000;1.000000;0.000000;
"BluntStone_01";200061.031250;62.723568;0.000000;0.000000;0.000000;1.000000;0.000000;
"BluntStone_02";200113.468750;43.160389;0.000000;0.000000;0.000000;1.000000;0.000000;
"BluntStone_02";200034.156250;8.848040;0.000000;0.000000;0.000000;1.000000;0.000000;
"BluntStone_02";200027.031250;80.723564;0.000000;0.000000;0.000000;1.000000;0.000000;
"BluntStone_02";200074.718750;79.408890;0.000000;0.000000;0.000000;1.000000;0.000000;
"BluntStone_02";200141.156250;43.848042;0.000000;0.000000;0.000000;1.000000;0.000000;
"BluntStone_02";200125.031250;2.723567;0.000000;0.000000;0.000000;1.000000;0.000000;
"BluntStone_02";200050.031250;3.723567;0.000000;0.000000;0.000000;1.000000;0.000000;
"BluntStone_02";200088.031250;81.723564;0.000000;0.000000;0.000000;1.000000;0.000000;
"BluntStone_02";200112.500000;75.195641;0.000000;0.000000;0.000000;1.000000;0.000000;
"BluntStone_02";200122.031250;89.723564;0.000000;0.000000;0.000000;1.000000;0.000000;
"BluntStone_02";200101.031250;66.723564;0.000000;0.000000;0.000000;1.000000;0.000000;
"BluntStone_02";200143.156250;41.848042;0.000000;0.000000;0.000000;1.000000;0.000000;
"BluntStone_02";200158.031250;33.723568;0.000000;0.000000;0.000000;1.000000;0.000000;
"BluntStone_02";200052.031250;21.723568;0.000000;0.000000;0.000000;1.000000;0.000000;
"BluntStone_02";200071.718750;79.408890;0.000000;0.000000;0.000000;1.000000;0.000000;
"BluntStone_02";200156.031250;46.723568;0.000000;0.000000;0.000000;1.000000;0.000000;
"BluntStone_02";200041.031250;50.723568;0.000000;0.000000;0.000000;1.000000;0.000000;
"BluntStone_02";200101.437500;6.126744;0.000000;0.000000;0.000000;1.000000;0.000000;
"BluntStone_02";200097.468750;27.160387;0.000000;0.000000;0.000000;1.000000;0.000000;
"BluntStone_02";200107.468750;44.160389;0.000000;0.000000;0.000000;1.000000;0.000000;
"BluntStone_02";200045.718750;40.408897;0.000000;0.000000;0.000000;1.000000;0.000000;
"BluntStone_02";200146.468750;75.160385;0.000000;0.000000;0.000000;1.000000;0.000000;
"BluntStone_02";200072.468750;5.160387;0.000000;0.000000;0.000000;1.000000;0.000000;
"BluntStone_02";200069.468750;14.160387;0.000000;0.000000;0.000000;1.000000;0.000000;
"BluntStone_02";200152.468750;77.160385;0.000000;0.000000;0.000000;1.000000;0.000000;
"BluntStone_02";200042.468750;91.160385;0.000000;0.000000;0.000000;1.000000;0.000000;
"BluntStone_02";200071.437500;91.126740;0.000000;0.000000;0.000000;1.000000;0.000000;
"BluntStone_02";200046.468750;98.160385;0.000000;0.000000;0.000000;1.000000;0.000000;
"BluntStone_02";200075.437500;98.126740;0.000000;0.000000;0.000000;1.000000;0.000000;
"BluntStone_02";200078.437500;96.126740;0.000000;0.000000;0.000000;1.000000;0.000000;
"BluntStone_02";200021.718750;30.408897;0.000000;0.000000;0.000000;1.000000;0.000000;
"BluntStone_02";200128.718750;20.408897;0.000000;0.000000;0.000000;1.000000;0.000000;
"BluntStone_02";200025.718750;34.408897;0.000000;0.000000;0.000000;1.000000;0.000000;
"BluntStone_02";200079.468750;54.160389;0.000000;0.000000;0.000000;1.000000;0.000000;
"BluntStone_02";200077.468750;58.160389;0.000000;0.000000;0.000000;1.000000;0.000000;
"BluntStone_02";200031.031250;98.723564;0.000000;0.000000;0.000000;1.000000;0.000000;
"BluntStone_02";200032.031250;28.723568;0.000000;0.000000;0.000000;1.000000;0.000000;
"BluntStone_02";200147.031250;61.723568;0.000000;0.000000;0.000000;1.000000;0.000000;
"BluntStone_02";200059.031250;78.723564;0.000000;0.000000;0.000000;1.000000;0.000000;
"BluntStone_02";200127.031250;66.723564;0.000000;0.000000;0.000000;1.000000;0.000000;
"BluntStone_02";200070.031250;65.723564;0.000000;0.000000;0.000000;1.000000;0.000000;
"BluntStone_02";200032.031250;43.723568;0.000000;0.000000;0.000000;1.000000;0.000000;
"BluntStone_02";200150.031250;23.723568;0.000000;0.000000;0.000000;1.000000;0.000000;
"BluntStone_02";200128.031250;57.723568;0.000000;0.000000;0.000000;1.000000;0.000000;
"BluntStone_02";200047.031250;65.723564;0.000000;0.000000;0.000000;1.000000;0.000000;
"BluntStone_02";200045.031250;12.723567;0.000000;0.000000;0.000000;1.000000;0.000000;
"BluntStone_02";200061.031250;19.723568;0.000000;0.000000;0.000000;1.000000;0.000000;
"BluntStone_02";200116.031250;17.723568;0.000000;0.000000;0.000000;1.000000;0.000000;
"BluntStone_02";200130.031250;42.723568;0.000000;0.000000;0.000000;1.000000;0.000000;
"BluntStone_02";200157.031250;87.723564;0.000000;0.000000;0.000000;1.000000;0.000000;
"BluntStone_02";200061.031250;89.723564;0.000000;0.000000;0.000000;1.000000;0.000000;
"BluntStone_02";200020.031250;3.723567;0.000000;0.000000;0.000000;1.000000;0.000000;
"BluntStone_02";200148.031250;1.723567;0.000000;0.000000;0.000000;1.000000;0.000000;
"BluntStone_02";200127.031250;79.723564;0.000000;0.000000;0.000000;1.000000;0.000000;
"BluntStone_02";200087.031250;10.723567;0.000000;0.000000;0.000000;1.000000;0.000000;
"BluntStone_02";200079.031250;32.723568;0.000000;0.000000;0.000000;1.000000;0.000000;
"BluntStone_03";200026.031250;91.723564;0.000000;0.000000;0.000000;1.000000;0.000000;
"BluntStone_03";200112.031250;93.723564;0.000000;0.000000;0.000000;1.000000;0.000000;
"BluntStone_03";200066.031250;48.723568;0.000000;0.000000;0.000000;1.000000;0.000000;
"BluntStone_03";200156.031250;7.723567;0.000000;0.000000;0.000000;1.000000;0.000000;
"BluntStone_03";200099.031250;91.723564;0.000000;0.000000;0.000000;1.000000;0.000000;
"BluntStone_03";200031.156250;7.848040;0.000000;0.000000;0.000000;1.000000;0.000000;
"BluntStone_03";200117.500000;75.195641;0.000000;0.000000;0.000000;1.000000;0.000000;
"BluntStone_03";200051.031250;54.723568;0.000000;0.000000;0.000000;1.000000;0.000000;
"BluntStone_03";200138.031250;92.723564;0.000000;0.000000;0.000000;1.000000;0.000000;
"BluntStone_03";200140.031250;57.723568;0.000000;0.000000;0.000000;1.000000;0.000000;
"BluntStone_03";200094.437500;1.126744;0.000000;0.000000;0.000000;1.000000;0.000000;
"BluntStone_03";200094.437500;5.126744;0.000000;0.000000;0.000000;1.000000;0.000000;
"BluntStone_03";200097.468750;24.160387;0.000000;0.000000;0.000000;1.000000;0.000000;
"BluntStone_03";200067.468750;4.160387;0.000000;0.000000;0.000000;1.000000;0.000000;
"BluntStone_03";200076.468750;12.160387;0.000000;0.000000;0.000000;1.000000;0.000000;
"BluntStone_03";200148.468750;82.160385;0.000000;0.000000;0.000000;1.000000;0.000000;
"BluntStone_03";200145.468750;70.160385;0.000000;0.000000;0.000000;1.000000;0.000000;
"BluntStone_03";200038.156250;74.848038;0.000000;0.000000;0.000000;1.000000;0.000000;
"BluntStone_03";200036.156250;72.848038;0.000000;0.000000;0.000000;1.000000;0.000000;
"BluntStone_03";200150.468750;72.160385;0.000000;0.000000;0.000000;1.000000;0.000000;
"BluntStone_03";200045.468750;100.160385;0.000000;0.000000;0.000000;1.000000;0.000000;
"BluntStone_03";200110.156250;77.848038;0.000000;0.000000;0.000000;1.000000;0.000000;
"BluntStone_03";200071.437500;93.126740;0.000000;0.000000;0.000000;1.000000;0.000000;
"BluntStone_03";200049.468750;100.160385;0.000000;0.000000;0.000000;1.000000;0.000000;
"BluntStone_03";200099.437500;5.126744;0.000000;0.000000;0.000000;1.000000;0.000000;
"BluntStone_03";200088.468750;55.160389;0.000000;0.000000;0.000000;1.000000;0.000000;
"BluntStone_03";200080.468750;64.160385;0.000000;0.000000;0.000000;1.000000;0.000000;
"BluntStone_03";200083.468750;52.160389;0.000000;0.000000;0.000000;1.000000;0.000000;
"BluntStone_03";200084.031250;89.723564;0.000000;0.000000;0.000000;1.000000;0.000000;
"BluntStone_03";200111.031250;26.723568;0.000000;0.000000;0.000000;1.000000;0.000000;
"BluntStone_03";200039.031250;23.723568;0.000000;0.000000;0.000000;1.000000;0.000000;
"BluntStone_03";200059.031250;10.723567;0.000000;0.000000;0.000000;1.000000;0.000000;
"BluntStone_03";200099.031250;53.723568;0.000000;0.000000;0.000000;1.000000;0.000000;
"BluntStone_03";200026.031250;19.723568;0.000000;0.000000;0.000000;1.000000;0.000000;
"BluntStone_03";200091.031250;43.723568;0.000000;0.000000;0.000000;1.000000;0.000000;
"BluntStone_03";200050.031250;76.723564;0.000000;0.000000;0.000000;1.000000;0.000000;
"BluntStone_03";200144.031250;14.723567;0.000000;0.000000;0.000000;1.000000;0.000000;
"BluntStone_03";200133.031250;72.723564;0.000000;0.000000;0.000000;1.000000;0.000000;
"BluntStone_03";200063.031250;28.723568;0.000000;0.000000;0.000000;1.000000;0.000000;
"BluntStone_03";200029.031250;64.723564;0.000000;0.000000;0.000000;1.000000;0.000000;
"BluntStone_03";200151.031250;96.723564;0.000000;0.000000;0.000000;1.000000;0.000000;
"BluntStone_03";200095.031250;76.723564;0.000000;0.000000;0.000000;1.000000;0.000000;
"BluntStone_03";200120.031250;9.723567;0.000000;0.000000;0.000000;1.000000;0.000000;
"BluntStone_03";200079.031250;21.723568;0.000000;0.000000;0.000000;1.000000;0.000000;
